positive/1759695494.726143.jpg 8 1126 777 50 88 1189 498 84 55 1468 557 71 99 1355 618 121 65 1535 721 88 93 1252 652 54 81 140 478 78 58 6 452 112 58
positive/1759695999.2299788.jpg 5 1125 561 110 63 1277 511 66 92 1386 494 74 87 1424 687 122 75 1582 725 111 88
positive/1759696000.129762.jpg 6 1087 569 102 61 1212 480 101 58 1332 495 45 104 1450 522 49 99 1409 739 130 71 1576 803 94 106
positive/1759696001.0281951.jpg 5 1167 550 98 60 1333 525 45 67 1447 518 48 96 1556 728 94 89 1440 941 84 136
positive/1759696001.6634939.jpg 5 1391 609 46 67 1465 560 58 93 1559 880 64 111 1261 812 119 94 1285 960 127 127
positive/1759696002.1825652.jpg 5 1142 968 138 107 1198 809 101 93 1382 984 147 89 1388 670 61 85 1525 581 44 86
positive/1759696002.59873.jpg 5 1096 964 146 97 1310 1004 141 100 1196 805 79 96 1338 702 104 72 1520 583 57 89
positive/1759696003.172941.jpg 6 1176 1018 162 91 986 933 165 88 1142 794 59 102 1244 722 120 74 1556 596 49 91 1169 661 84 63
positive/1759696003.645613.jpg 6 1018 984 163 107 894 867 150 93 1068 771 80 103 1209 725 125 81 1186 645 66 59 1614 635 50 103
positive/1759696004.0682108.jpg 5 911 923 135 111 852 777 124 101 1013 732 102 98 1174 722 118 95 1648 724 74 115
positive/1759696004.542128.jpg 5 851 712 111 104 869 857 118 115 1158 707 112 105 1000 702 106 89 1640 794 95 114
positive/1759696005.018806.jpg 5 857 698 65 112 916 572 54 105 1011 627 124 66 1142 671 65 123 1543 986 128 98
positive/1759696005.438306.jpg 6 871 649 54 118 941 528 53 108 1024 596 118 66 1071 735 127 67 1289 670 111 66 1469 1045 146 74
positive/1759696005.864946.jpg 6 923 500 60 115 864 642 63 110 1017 592 126 57 1328 694 109 74 1072 762 72 120 1444 1032 132 50
positive/1759696006.342571.jpg 6 1374 605 122 51 868 773 116 88 937 918 117 90 1261 875 65 130 1018 714 98 114 1622 740 93 106
positive/1759696006.8124428.jpg 6 912 899 134 69 1030 1017 125 70 1064 771 81 122 1271 908 115 83 1383 541 100 81 1632 609 65 115
positive/1759696007.386571.jpg 6 1184 843 83 101 1295 1052 124 96 1103 1032 149 83 1368 852 112 91 1284 516 64 95 1483 464 73 94
positive/1759696010.021048.jpg 6 1317 775 114 68 1423 870 72 101 1492 643 55 94 1378 591 53 84 1176 595 45 71 1267 617 51 56
positive/1759696010.920664.jpg 7 1106 591 70 78 1276 506 78 73 1378 519 82 71 1375 758 111 57 1525 818 52 105 406 385 94 46 1199 656 56 58
positive/1759696011.588702.jpg 7 1546 730 83 77 1139 678 43 70 1168 724 51 69 1206 537 84 62 1304 528 84 56 1397 692 110 64 83 627 150 46
positive/1759696012.31128.jpg 5 1122 558 89 53 1202 522 85 48 1410 626 81 85 1510 632 107 55 1174 675 89 67
positive/1759696012.8399098.jpg 4 1067 592 95 55 1137 544 86 52 1389 593 61 86 1436 547 64 81
positive/1759696013.420365.jpg 6 1007 672 86 70 1020 607 77 63 1331 737 105 64 1286 632 55 84 1309 548 50 85 1268 521 81 47
positive/1759696014.006173.jpg 5 960 740 115 63 986 655 70 73 1362 702 88 77 1244 546 68 73 1187 524 81 52
positive/1759696014.2708118.jpg 5 951 782 103 76 984 683 60 76 1360 686 87 73 1215 544 78 73 1153 528 69 55
positive/1759696014.6399202.jpg 6 997 772 79 69 1061 855 86 100 1359 641 43 88 1049 580 64 63 1130 580 89 63 1222 622 42 85
positive/1759696016.071956.jpg 6 1116 719 54 109 1190 912 109 74 985 667 45 71 1055 641 102 58 1188 649 76 67 1329 694 84 57
positive/1759696016.488312.jpg 6 963 727 76 65 1128 724 70 98 1041 676 91 66 1301 902 95 87 1178 662 82 60 1361 686 97 57
positive/1759696016.80488.jpg 6 985 807 108 69 1061 723 82 79 1157 746 106 82 1173 679 87 58 1436 852 67 92 1369 652 96 53
positive/1759696018.665623.jpg 6 1433 727 85 57 1362 639 74 40 1248 766 42 63 1200 694 67 45 1153 741 44 65 1114 815 94 53
positive/1759696019.1393878.jpg 6 1382 651 57 41 1470 695 56 67 1252 784 40 66 1202 693 66 48 1155 738 45 64 1118 807 95 56
positive/1759696019.721751.jpg 6 1337 802 59 67 1219 805 94 65 1204 750 52 56 1221 698 57 49 1367 640 63 41 1468 639 34 63
positive/1759696020.2443671.jpg 4 1437 809 71 68 1250 754 74 59 1320 797 80 80 1346 621 72 43
positive/1759696021.092578.jpg 6 1453 806 80 59 1266 759 79 55 1349 790 70 87 1252 700 34 55 1356 563 33 47 1373 590 53 53
positive/1759696021.619918.jpg 6 1157 849 90 49 1181 759 87 47 1208 699 63 50 1279 905 44 77 1442 660 77 45 1508 585 33 68
positive/1759696022.1992261.jpg 6 1149 889 58 80 1095 765 60 83 1185 755 55 58 1193 692 73 42 1439 727 87 45 1567 667 39 70
positive/1759696022.726315.jpg 6 1254 863 39 83 1384 1003 96 47 1077 678 59 66 1010 648 39 77 1097 614 68 49 1216 636 52 66
positive/1759696023.472807.jpg 6 1004 930 43 70 1027 762 79 48 1120 588 54 57 1228 585 48 59 1194 507 62 48 1278 629 35 81
positive/1759696023.7886138.jpg 6 995 920 43 72 1027 754 78 50 1116 607 46 52 1201 516 61 46 1230 589 48 58 1282 635 32 53
positive/1759696024.366652.jpg 5 1030 658 77 49 1168 604 37 55 1277 607 66 46 1309 547 68 38 1284 654 57 59
positive/1759696024.783486.jpg 5 1087 598 63 55 1195 604 62 42 1316 620 69 46 1286 672 64 46 1404 592 67 36
positive/1759696025.1476321.jpg 8 1062 604 29 34 1220 609 66 45 1167 574 38 58 1472 648 58 50 1339 647 78 54 1280 689 65 45 209 671 75 54 349 637 54 68
positive/1759696025.613881.jpg 6 1494 690 52 56 1346 663 76 60 1133 591 49 29 1224 612 76 41 1275 693 63 48 1226 566 24 45
positive/1759696025.92712.jpg 6 1339 687 65 70 1492 761 41 65 1259 608 69 47 1235 575 35 35 1304 568 35 54 1274 699 40 50
positive/1759696026.291871.jpg 6 1317 709 38 80 1413 826 66 67 1253 700 33 53 1287 611 53 56 1370 589 52 53 1300 583 48 29
positive/1759696026.713405.jpg 6 1316 851 77 60 1276 712 48 79 1231 700 46 48 1317 617 52 57 1413 621 62 53 1357 607 55 42
positive/1759696028.6890008.jpg 6 1444 750 59 140 1198 700 80 81 1260 731 88 127 1382 634 77 69 1486 608 108 68 1406 583 91 56
positive/1759696029.47425.jpg 6 1111 772 66 100 1154 686 106 68 1290 744 73 138 1411 734 101 85 1458 660 96 58 1573 677 54 104
positive/1759696030.110048.jpg 6 1006 795 68 107 1148 666 107 68 1186 756 108 125 1370 697 123 68 1376 852 133 91 1554 715 66 118
positive/1759696031.007647.jpg 6 798 744 135 80 1022 667 118 93 1045 926 131 111 1180 632 86 89 1251 713 117 97 1445 785 62 135
positive/1759696031.806388.jpg 5 1074 693 119 85 1189 860 131 80 961 610 77 104 1040 546 107 72 1283 614 43 80
positive/1759696031.2697139.jpg 6 925 773 80 129 1001 629 126 73 842 637 119 68 1222 618 44 92 1208 709 81 115 1334 824 85 136
positive/1759696032.606137.jpg 5 1067 534 95 91 1137 468 105 59 1283 449 51 101 1344 403 61 91 1287 651 106 73
positive/1759696032.2365398.jpg 5 1038 622 121 82 1291 622 74 102 1036 531 85 90 1148 483 89 82 1168 439 69 71
positive/1759696033.668586.jpg 5 1276 599 93 104 882 632 120 48 992 456 91 101 1105 373 105 106 1111 243 107 101
positive/1759696033.1898181.jpg 6 1266 383 46 119 1376 445 108 70 1474 521 96 117 1600 533 93 99 1257 698 112 85 34 213 63 105
positive/1759696034.459263.jpg 5 1220 572 72 108 957 753 81 110 922 630 122 76 889 491 68 117 1035 906 85 121
positive/1759696034.776661.jpg 5 875 804 84 112 1159 630 103 75 1032 839 83 126 1138 957 124 69 1327 967 90 111
positive/1759696035.364539.jpg 5 1002 992 121 72 1151 680 108 72 1210 943 78 127 1357 919 104 89 1496 830 125 76
positive/1759696036.492617.jpg 10 1108 877 71 42 1199 690 66 40 1278 827 75 33 1205 905 43 75 1417 770 31 77 1350 499 39 64 1849 98 86 50 1850 4 67 57 1930 33 87 50 1772 4 37 38
positive/1759696037.229099.jpg 10 1115 865 68 44 1222 827 67 32 1387 802 43 61 1204 895 47 70 1203 688 61 39 1818 130 81 46 1744 16 41 60 1823 41 55 55 1891 70 86 43 1346 509 36 63
positive/1759696038.712.jpg 6 1111 776 69 90 1065 917 84 79 1434 844 58 90 1215 926 49 97 1174 687 88 52 1372 441 57 87
positive/1759696039.826451.jpg 10 1071 797 66 48 1145 719 48 64 1202 682 63 46 1260 792 41 70 1388 802 42 62 1346 508 36 61 1734 86 67 54 1742 16 42 60 1813 43 64 52 1892 67 85 50
positive/1759696040.031859.jpg 9 1061 794 76 43 1146 717 41 72 1202 680 62 48 1260 781 46 68 1386 800 44 66 1736 85 64 57 1744 18 39 57 1816 43 62 53 1891 68 85 50
positive/1759696042.558895.jpg 6 1400 727 115 225 736 774 175 252 1019 672 107 174 1088 611 125 105 1320 595 47 86 1788 703 193 115
positive/1759696042.987175.jpg 6 678 680 196 185 964 645 197 119 1206 739 166 229 1448 629 73 86 1185 604 62 104 1877 862 275 145
positive/1759696043.5135229.jpg 6 866 675 237 144 849 588 162 89 1125 637 136 102 1343 633 98 101 1677 750 133 110 1531 1136 263 236
positive/1759696044.6358578.jpg 1 345 886 322 188
positive/1759696045.384753.jpg 5 567 708 184 102 892 740 198 131 1114 527 71 101 1354 813 204 143 1468 506 71 96
positive/1759696046.282706.jpg 5 827 578 138 112 955 460 91 98 1303 499 126 97 1157 867 104 98 1700 648 219 125
positive/1759696046.7050052.jpg 5 974 823 190 156 1033 463 57 117 1196 422 44 88 1414 536 164 100 1819 829 253 139
positive/1759696047.130419.jpg 7 930 743 182 121 890 592 121 94 1231 429 84 107 1399 442 66 86 1480 602 185 133 1623 1113 367 205 529 193 75 47
positive/1759696047.54929.jpg 6 1100 684 101 118 1010 546 93 95 1492 656 200 158 1361 453 98 103 1528 490 98 89 1371 1210 303 160
positive/1759696048.613353.jpg 6 565 1019 277 295 1410 740 108 238 1253 684 170 114 1305 566 46 90 1748 649 98 156 1622 598 160 89
positive/1759696049.14418.jpg 6 481 807 246 175 1505 535 86 106 1135 852 160 245 1235 712 93 142 1644 843 220 177 1751 786 242 127
positive/1759696049.7330098.jpg 6 710 561 108 152 956 868 191 144 1161 697 121 176 1391 934 142 223 1624 585 81 156 1656 1062 200 217
positive/1759696050.053728.jpg 6 750 597 156 105 952 877 203 103 1156 689 126 183 1550 612 157 84 1370 892 101 207 1644 1025 155 223
positive/1759696050.323724.jpg 6 789 801 180 78 1227 698 75 185 1115 918 153 189 1427 772 135 176 1476 470 121 123 1721 826 199 154
positive/1759696050.7510872.jpg 6 993 889 198 121 1307 909 112 220 1240 709 146 162 1444 666 180 114 1702 580 209 91 1370 402 74 112
positive/1759696051.014977.jpg 6 1088 854 183 201 1366 865 94 231 1444 641 171 107 1244 705 164 136 1330 463 60 90 1662 541 193 94
positive/1759696051.383958.jpg 6 1236 764 152 233 1466 717 179 202 1257 676 191 107 1207 589 50 66 1401 601 161 100 1513 529 138 89
positive/1759696051.698314.jpg 6 1039 626 116 74 1408 705 118 216 1491 637 201 148 1280 637 181 104 1328 572 103 88 1332 506 89 80
positive/1759696052.17557.jpg 6 1450 615 192 157 1408 520 160 99 842 706 169 95 1015 419 58 122 1176 513 64 109 1280 569 123 165
positive/1759696053.411229.jpg 6 597 712 193 130 1000 744 114 143 979 951 142 239 1183 554 79 125 1317 501 138 103 1195 440 143 94
positive/1759696053.787771.jpg 6 899 546 89 127 1046 546 136 98 1085 638 167 108 1186 821 223 135 1449 907 216 180 828 1200 262 144
positive/1759696054.272567.jpg 6 857 598 66 115 957 605 134 108 1085 638 165 120 1278 745 195 162 1518 834 114 98 1069 1097 283 276
positive/1759696057.1017401.jpg 6 1538 758 164 108 1254 946 184 309 1714 1043 348 330 630 680 161 128 831 658 146 153 899 629 184 103
positive/1759696057.8496761.jpg 6 697 796 127 164 1055 755 145 164 894 665 223 133 1492 719 127 79 1725 970 318 227 2086 1073 260 214
positive/1759696059.6741161.jpg 5 1329 987 185 349 1537 757 132 180 1791 719 186 107 1226 693 107 156 1323 685 51 57
positive/1759696060.6782799.jpg 6 1051 654 109 68 1345 573 80 57 1491 571 79 80 1439 696 210 130 1655 688 209 113 1851 845 306 150
positive/1759696061.4627059.jpg 6 944 672 134 75 1462 657 200 110 1802 711 219 111 1214 551 73 76 1349 524 53 73 1614 607 156 99
positive/1759696062.210996.jpg 5 980 570 153 91 929 500 85 89 1374 513 120 117 1323 451 100 95 1483 459 94 89
positive/1759696062.584404.jpg 5 842 529 97 95 1008 557 147 116 1336 493 99 129 1256 437 94 102 1408 432 81 83
positive/1759696062.907107.jpg 6 895 681 148 85 1248 528 154 85 1258 455 51 84 1464 620 187 106 1754 627 179 103 1541 546 164 94
positive/1759696063.39194.jpg 6 1391 772 132 152 1211 618 39 63 1500 661 137 109 1662 617 131 90 1644 820 219 160 1717 1090 314 272
positive/1759696064.6656451.jpg 6 966 749 175 106 1445 678 102 63 1638 992 197 157 1177 818 166 128 946 916 196 151 642 972 247 154
positive/1759696071.722044.jpg 7 886 711 72 40 1179 664 49 59 1166 569 55 56 1280 596 44 49 1326 663 67 45 211 1311 107 60 358 1298 85 73
positive/1759696072.357037.jpg 10 938 590 68 34 1182 645 59 51 1236 581 54 41 1334 693 58 49 1282 632 62 43 248 871 87 44 334 908 80 57 196 962 94 54 140 812 94 73 993 793 41 38
positive/1759696072.872972.jpg 6 1035 629 56 35 1118 432 49 48 1219 618 69 37 1324 593 29 57 1308 737 33 66 1294 663 67 36
positive/1759696073.387017.jpg 6 1142 572 27 47 1246 752 53 65 1295 679 64 62 1259 611 65 56 1356 646 45 56 1304 437 31 61
positive/1759696073.8067222.jpg 6 1201 753 65 48 1289 692 56 67 1351 689 60 46 1287 620 51 66 1192 579 34 42 1413 488 29 53
positive/1759696074.2287428.jpg 6 1182 741 71 45 1284 699 45 70 1347 708 66 42 1300 632 46 64 1201 601 46 39 1461 540 36 56
positive/1759696074.7057621.jpg 6 1276 700 35 78 1166 724 72 44 1337 720 68 45 1313 643 32 69 1216 610 52 39 1508 587 46 46
positive/1759696075.122601.jpg 6 1153 666 63 56 1262 738 71 61 1220 699 58 62 1309 684 57 56 1316 638 60 39 1611 785 71 29
positive/1759696075.5450082.jpg 6 1151 703 76 49 1316 730 78 50 1319 659 35 64 1559 654 53 50 1252 620 53 36 1259 702 38 69
positive/1759696076.120893.jpg 6 1181 751 73 44 1281 699 53 71 1346 706 67 45 1300 626 38 72 1190 595 42 45 1457 509 37 56
positive/1759696076.588352.jpg 6 1222 752 65 51 1290 687 63 61 1353 671 56 49 1156 630 32 45 1271 624 63 57 1356 502 25 56
positive/1759696076.8454678.jpg 6 1276 742 46 59 1295 675 74 50 1343 640 41 50 1121 673 42 41 1239 628 70 47 1224 509 35 55
positive/1759696077.275518.jpg 6 1104 710 55 41 1316 727 33 57 1291 665 69 42 1318 623 28 50 1216 637 60 40 1113 547 48 39
positive/1759696077.702202.jpg 6 1334 686 60 47 1226 607 57 44 1181 660 56 48 926 648 68 36 1275 644 48 38 1154 773 59 30
positive/1759696078.017351.jpg 7 885 714 72 41 1164 786 34 52 1323 669 71 45 1177 668 51 56 1195 608 63 43 1257 637 47 38 71 1276 131 61
positive/1759696078.6513221.jpg 5 1155 633 66 42 1234 626 66 42 1309 647 69 40 1190 688 33 55 868 832 76 34
positive/1759696078.966827.jpg 5 997 957 62 77 1200 708 57 47 1124 670 69 48 1185 637 48 49 1278 628 35 54
positive/1759696082.218496.jpg 5 1305 1016 148 111 1221 706 102 63 1137 679 58 77 1047 672 82 57 1181 660 51 57
positive/1759696082.534148.jpg 5 1528 947 114 107 1270 709 97 63 1022 716 90 56 1173 704 43 85 1170 668 37 36
positive/1759696082.903096.jpg 6 1051 763 96 66 1203 713 84 76 1167 688 56 59 1305 684 89 67 1610 784 75 50 1542 683 54 50
positive/1759696083.1152089.jpg 6 1149 816 74 82 1252 732 99 72 1163 712 95 58 1334 661 53 86 1578 683 88 66 1441 596 41 55
positive/1759696083.432134.jpg 6 1314 810 65 76 1317 711 97 60 1220 712 96 66 1316 636 55 75 1431 598 67 43 1267 580 32 51
positive/1759696084.5468328.jpg 4 996 822 102 71 1170 700 55 62 1139 647 91 52 1228 639 76 56
positive/1759696085.175491.jpg 5 949 685 55 61 1151 657 77 59 1302 641 81 70 1361 609 59 56 1244 622 73 52
positive/1759696086.069737.jpg 6 1062 681 60 53 1078 572 62 52 1217 610 92 50 1321 685 47 96 1426 719 94 52 1348 644 41 68
positive/1759696087.178735.jpg 6 1080 652 50 57 1076 569 52 56 1236 601 86 64 1306 696 63 95 1419 750 93 55 1355 656 49 72
positive/1759696087.861517.jpg 6 1302 846 72 72 1312 731 98 56 1214 741 97 54 1321 621 50 86 1196 584 48 52 1342 553 74 40
positive/1759696088.3868318.jpg 6 1222 822 107 67 1166 738 61 65 1268 722 102 72 1306 634 49 49 1472 648 62 52 1337 656 46 80
positive/1759696088.65018.jpg 6 1083 797 66 69 1077 704 88 59 1190 718 68 87 1509 775 44 76 1303 700 85 73 1380 679 40 59
positive/1759696089.233254.jpg 8 1083 787 56 87 1076 675 88 54 1183 737 56 86 1287 737 87 55 1412 888 63 89 1371 650 59 86 2427 836 109 65 2409 737 129 51
positive/1759696089.653995.jpg 6 1238 873 89 58 1165 773 55 87 1263 767 93 53 1549 682 47 91 1333 644 57 94 1326 544 51 86
positive/1759696090.0786319.jpg 6 1255 803 63 86 1323 734 90 48 1513 545 48 75 1309 588 61 92 1222 549 85 53 1375 827 91 60
positive/1759696091.881942.jpg 6 1341 847 120 114 1515 783 134 122 1380 681 110 111 1272 541 116 115 1127 545 126 66 1502 469 103 75
positive/1759696092.566745.jpg 6 1436 679 137 83 1463 596 69 93 1028 663 104 120 1118 529 88 60 1140 603 125 81 1334 606 75 87
positive/1759696093.146709.jpg 5 1107 623 118 83 1001 563 81 77 1428 636 115 96 1391 571 95 86 1290 597 85 78
positive/1759696094.049719.jpg 6 1284 807 98 116 1470 820 174 110 1356 708 131 95 1453 574 115 80 1316 608 85 102 1231 569 50 73
positive/1759696094.630183.jpg 6 1252 859 200 125 1095 769 105 119 1282 717 166 107 1372 642 61 109 1578 653 134 98 1424 623 36 64
positive/1759696095.1051881.jpg 5 966 711 150 99 1163 709 133 123 1337 675 128 107 1619 748 91 97 1631 692 80 69
positive/1759696095.418281.jpg 6 900 775 85 108 987 663 133 86 1109 695 65 133 1439 846 140 188 1264 706 158 97 1730 798 160 90
positive/1759696095.8947551.jpg 5 1005 899 217 133 1163 731 153 95 905 686 118 84 1037 664 72 120 1085 610 109 85
positive/1759696096.163021.jpg 5 988 887 222 138 1169 726 141 96 963 687 161 94 910 685 85 83 1089 612 100 82
positive/1759696096.641691.jpg 5 1086 773 218 158 936 705 131 99 897 698 68 88 1167 669 99 108 1064 647 112 78
positive/1759696097.172545.jpg 5 869 812 209 128 854 720 129 101 954 665 119 75 1082 661 117 102 1157 621 96 81
positive/1759696097.5453582.jpg 5 814 766 123 106 869 627 139 76 1125 591 61 134 1287 575 54 97 1110 499 119 67
positive/1759696098.074535.jpg 5 1335 620 98 119 943 453 80 115 1371 413 101 114 1046 381 128 75 1185 522 129 102
positive/1759696098.598633.jpg 5 1085 704 142 99 1150 419 61 153 992 903 67 154 869 618 120 113 1100 1021 130 77
positive/1759696099.338902.jpg 6 951 697 142 98 1247 752 149 92 1141 1022 167 136 1512 920 188 103 1615 757 90 163 1590 552 72 84
positive/1759696101.1728609.jpg 6 834 746 246 107 818 675 185 94 1219 748 142 130 1652 750 235 177 1680 730 74 58 1758 688 204 165
positive/1759696101.814989.jpg 6 1246 965 349 225 1660 829 150 283 1900 770 83 122 1003 759 262 163 732 748 208 131 892 643 181 102
positive/1759696102.5097332.jpg 6 994 1040 337 255 1797 995 274 253 777 985 142 224 988 773 182 149 868 630 143 112 1060 564 142 98
positive/1759696102.9848378.jpg 6 974 768 106 149 697 1042 246 139 638 825 182 183 1042 470 96 123 1455 1131 113 241 1227 447 116 124
positive/1759696103.575691.jpg 6 1101 456 102 123 1530 630 168 153 1490 449 146 121 861 388 114 137 1010 301 162 100 856 912 161 102
positive/1759696104.2143412.jpg 6 867 688 108 105 1443 864 243 121 1586 729 195 102 1343 520 170 95 1337 414 100 116 1166 415 116 89
positive/1759696104.585866.jpg 6 1445 865 240 118 1575 726 203 102 878 689 98 106 1382 523 173 97 1333 409 115 107 1159 413 118 88
positive/1759696105.115131.jpg 6 1225 920 205 182 1518 911 229 164 1499 657 182 117 1012 587 84 91 1414 482 131 87 1578 537 79 131
positive/1759696105.482531.jpg 6 1097 864 135 185 1433 943 167 201 1536 715 159 136 1680 629 82 140 1522 561 148 101 1095 602 100 68
positive/1759696106.023329.jpg 5 937 805 150 176 1239 942 115 229 1518 755 134 154 1735 700 145 160 1620 618 169 118
positive/1759696106.287951.jpg 6 842 778 183 165 978 967 200 232 1427 832 121 189 1727 818 216 162 1699 670 191 149 1277 580 116 73
positive/1759696114.08025.jpg 6 1113 585 30 64 1190 579 32 66 1277 531 61 51 1132 545 52 46 1220 509 31 56 1095 523 52 41
positive/1759696114.497474.jpg 6 1058 672 64 62 1123 622 64 59 1156 530 67 38 1083 540 52 51 1030 618 71 38 980 604 35 49
positive/1759696115.020263.jpg 6 1142 817 77 45 977 857 69 49 1130 740 79 43 1056 792 59 65 1013 724 58 54 1044 650 58 58
positive/1759696115.595065.jpg 6 1123 788 59 55 1217 779 44 82 1302 826 69 59 1376 762 38 63 1284 744 41 62 1335 908 76 74
positive/1759696115.911036.jpg 6 1146 780 63 54 1249 758 38 82 1305 729 34 58 1396 739 36 57 1333 799 75 55 1376 866 82 70
positive/1759696116.4394538.jpg 6 1158 751 64 64 1243 739 64 68 1323 716 41 53 1377 774 72 54 1411 717 46 54 1447 824 65 78
positive/1759696117.6958551.jpg 6 1429 660 32 59 1316 627 52 54 1280 554 59 64 1347 538 57 49 1268 502 68 37 1323 453 57 36
positive/1759696118.2264802.jpg 4 1307 610 62 45 1398 629 27 45 1411 591 27 35 1358 601 51 35
positive/1759696118.700507.jpg 5 1293 679 63 44 1389 680 59 44 1345 632 69 41 1436 640 31 42 1503 641 37 44
positive/1759696119.015599.jpg 6 1316 765 70 52 1530 715 42 43 1353 704 69 49 1447 685 39 49 1360 662 71 42 1277 681 73 53
positive/1759696119.602997.jpg 6 1291 763 73 55 1513 743 44 49 1340 707 77 48 1440 696 47 48 1360 666 72 45 1268 679 73 56
positive/1759696121.257966.jpg 6 1331 740 89 54 1526 815 57 72 1454 728 86 54 1317 665 65 69 1397 834 73 63 1258 813 84 54
positive/1759696121.674001.jpg 6 1300 909 82 73 1454 905 44 87 1424 792 79 66 1305 690 73 68 1289 786 91 60 1195 849 83 55
positive/1759696122.043085.jpg 6 1040 956 104 48 1163 872 68 92 1220 736 78 55 1129 755 38 93 1002 827 87 68 1056 715 37 78
positive/1759696122.723839.jpg 6 1229 745 78 51 1208 886 55 86 1102 964 78 55 1038 870 89 54 1147 785 53 79 1065 745 49 71
positive/1759696123.20527.jpg 5 1400 791 62 66 1516 730 41 82 1544 648 76 62 1449 603 88 39 1403 684 60 76
positive/1759696123.684343.jpg 6 1211 595 82 44 1289 521 69 59 1384 545 61 56 1367 413 33 78 1278 392 60 64 1222 444 38 79
positive/1759696124.0538812.jpg 6 1214 597 79 43 1297 520 61 59 1223 444 38 79 1382 541 76 40 1368 398 33 78 1277 393 63 62
positive/1759696124.634496.jpg 6 1144 551 72 45 1183 462 51 69 1035 564 73 68 1082 448 64 59 1035 487 33 76 1166 636 61 69
positive/1759696125.484682.jpg 6 1165 666 54 60 1002 652 80 56 969 608 39 63 1075 598 61 60 999 568 71 48 1071 541 66 43
positive/1759696126.015025.jpg 6 1069 818 83 68 1194 712 73 60 1016 752 82 64 899 783 91 63 862 736 85 47 947 843 93 55
positive/1759696126.383158.jpg 6 1075 796 75 73 1217 716 86 57 1168 838 72 80 1036 910 104 61 955 860 83 79 826 856 97 54
positive/1759696126.748704.jpg 5 1146 780 58 71 1264 796 49 76 1241 695 87 54 1040 858 68 81 1137 880 96 55
positive/1759696128.042188.jpg 6 1351 636 71 79 1681 739 198 108 1916 1001 364 180 1513 672 155 89 1592 656 104 70 1722 713 136 49
positive/1759696128.8456802.jpg 6 1363 843 174 137 1582 810 90 133 1519 706 131 94 1355 723 133 104 1062 1215 205 157 1308 651 116 78
positive/1759696129.903724.jpg 6 851 678 132 74 1149 602 70 112 917 586 120 69 826 478 99 54 831 547 104 64 775 619 92 85
positive/1759696130.749397.jpg 6 1111 622 108 76 1108 446 83 88 967 501 85 89 886 487 103 66 1042 416 101 55 1139 302 72 71
positive/1759696131.3246121.jpg 6 1035 504 76 109 1181 735 78 105 711 734 96 106 830 679 134 70 885 571 80 79 809 401 103 59
positive/1759696131.849131.jpg 6 1264 782 123 89 767 791 142 81 681 925 97 133 828 683 107 79 676 593 116 57 1005 574 45 89
positive/1759696133.716668.jpg 6 1042 607 111 63 1505 600 108 73 1402 416 106 65 1456 343 76 89 1281 302 90 74 1750 455 74 93
positive/1759696134.9364.jpg 5 1352 592 45 80 1326 791 118 130 1491 890 121 121 1805 976 186 120 1799 785 107 117
positive/1759696136.275745.jpg 5 1342 1013 338 246 1822 699 94 90 1462 682 136 108 1364 655 38 57 1418 641 152 83
positive/1759696136.806391.jpg 4 1354 959 343 238 1466 666 136 109 1538 643 121 85 1363 658 37 52
positive/1759696137.65449.jpg 6 1401 426 84 89 1566 556 100 78 1879 696 113 94 1107 551 106 74 1464 374 79 85 1670 435 79 72
positive/1759696138.4441018.jpg 6 1019 680 115 78 1305 513 94 58 1523 509 38 67 1258 484 34 52 1122 520 96 55 1106 497 70 45
positive/1759696138.7596319.jpg 6 1050 727 95 91 1150 531 85 60 1277 511 54 54 971 577 99 64 902 568 77 54 1018 538 43 49
positive/1759696140.088553.jpg 6 939 791 149 182 719 550 171 106 592 546 145 88 1002 466 125 89 789 502 62 66 1154 446 77 68
positive/1759696140.6739058.jpg 6 847 745 192 163 884 460 162 91 825 437 113 72 1101 435 95 81 1032 397 44 70 1379 381 68 78
positive/1759696141.524692.jpg 4 1405 832 242 148 744 794 250 148 641 1124 182 223 80 738 280 110
positive/1759696143.507705.jpg 6 1360 482 161 117 1499 441 119 114 1199 556 162 108 1590 429 107 99 1879 525 126 83 2123 791 175 116
positive/1759696145.005905.jpg 6 1041 584 184 106 1009 393 168 115 1074 316 144 90 1060 255 129 85 1297 220 50 86 1628 399 73 106
positive/1759696146.868801.jpg 6 1114 556 149 104 1340 473 113 108 1634 452 110 142 1766 434 112 133 2098 623 192 95 1984 1048 257 146
positive/1759696148.46576.jpg 6 711 697 303 310 804 404 202 190 1687 390 125 127 936 299 168 101 1081 292 173 128 1233 309 58 88
positive/1759696149.1532319.jpg 6 766 744 241 327 657 457 272 205 715 372 195 101 1480 405 122 110 1030 343 176 110 1031 375 50 86
positive/1759696151.507489.jpg 6 672 662 304 188 1074 816 265 191 1092 487 163 111 176 598 296 131 467 487 100 101 1040 408 127 80
positive/1759696152.414881.jpg 6 1117 798 236 164 749 674 268 161 222 649 260 125 454 540 117 100 1014 447 114 76 1085 512 152 104
positive/1759696153.534833.jpg 5 1235 729 343 240 617 663 455 389 4 769 145 166 873 552 211 132 681 554 165 86
positive/1759696154.919928.jpg 6 864 655 226 207 880 398 206 140 1099 370 128 124 1422 352 59 80 1534 517 109 163 1816 480 106 125
positive/1759696156.793623.jpg 4 1466 507 131 249 1097 516 212 135 1455 412 226 137 1459 327 72 103
positive/1759696210.4564118.jpg 4 1293 645 50 56 1088 617 55 49 1262 564 45 62 1317 545 59 39
positive/1759696210.971423.jpg 4 1289 636 39 58 1069 650 54 48 1238 563 36 65 1278 538 64 41
positive/1759696211.64896.jpg 4 1275 625 29 56 1054 718 59 37 1194 570 29 71 1213 531 49 50
positive/1759696212.532762.jpg 4 1104 799 42 31 1135 610 55 62 1233 626 53 47 1141 558 35 51
positive/1759696213.148886.jpg 3 1071 651 47 49 1111 690 76 49 1190 653 66 41
positive/1759696213.676311.jpg 3 1113 687 76 48 1065 659 52 44 1189 655 68 43
positive/1759696214.567363.jpg 4 1182 636 38 53 1204 558 47 45 1055 732 56 29 1255 635 41 47
positive/1759696215.23843.jpg 5 1422 718 44 74 1317 668 46 70 1314 587 42 66 1322 504 42 59 609 1177 58 69
positive/1759696216.28737.jpg 10 1316 832 52 72 1320 718 70 42 1343 611 43 68 1417 620 59 34 512 730 70 66 522 568 56 69 434 710 69 44 408 622 83 53 345 741 56 73 269 750 69 33
positive/1759696219.142326.jpg 10 1248 885 89 109 1284 714 60 109 1393 637 39 102 1491 691 87 41 294 545 124 52 338 413 66 83 146 502 98 71 127 467 81 47 336 352 70 62 525 445 34 37
positive/1759696219.9350069.jpg 8 1306 943 78 110 1347 685 44 105 1361 605 61 86 1465 614 66 55 309 682 69 47 50 703 91 96 6 646 116 65 6 912 117 106
positive/1759696221.08004.jpg 4 1339 575 38 97 1558 709 94 64 1198 566 90 50 1243 484 34 72
positive/1759696221.974575.jpg 4 1258 559 72 80 1497 567 97 48 1126 610 81 59 1104 542 49 68
positive/1759696222.4373271.jpg 4 1018 614 77 69 1097 652 73 62 1191 579 97 67 1412 514 77 51
positive/1759696223.370562.jpg 8 1208 437 55 72 1114 625 100 57 1111 733 56 79 965 780 89 46 2105 504 80 86 2193 748 110 50 2438 578 101 56 2339 725 87 56
positive/1759696224.357522.jpg 3 1128 717 59 91 1217 812 107 60 955 564 53 82
positive/1759696227.102609.jpg 8 1019 913 116 86 1283 752 105 65 1415 708 98 55 1306 670 97 67 442 517 84 54 491 413 83 44 646 386 58 35 451 404 42 59
positive/1759696228.377744.jpg 9 1191 924 102 103 1325 713 108 65 1299 658 87 51 1404 665 87 51 132 662 103 91 56 633 84 88 286 527 61 63 221 501 64 57 12 580 127 56
positive/1759696231.9931881.jpg 4 1080 987 176 166 1342 714 149 89 1310 654 132 73 108 476 62 62
positive/1759696232.784123.jpg 4 1409 991 102 181 1391 677 122 106 1285 638 109 69 1480 605 60 90
positive/1759696234.204735.jpg 4 1001 628 104 75 1172 549 116 87 1109 665 111 71 1437 466 104 67
positive/1759696234.8287659.jpg 4 938 724 134 87 1114 698 121 73 1155 547 96 93 1239 456 69 74
positive/1759696235.886034.jpg 4 1349 789 100 96 1315 632 122 71 1341 551 79 75 1610 924 128 149
positive/1759696236.35922.jpg 4 1213 798 142 96 1349 677 95 79 1379 1003 108 181 1421 628 98 68
positive/1759696236.7798321.jpg 6 1041 991 178 164 1115 768 147 92 1363 703 57 91 1462 675 114 80 89 476 67 64 199 449 49 59
positive/1759696237.14786.jpg 4 1047 727 136 104 795 918 197 120 1309 728 86 98 1466 728 103 69
positive/1759696237.414047.jpg 4 1083 698 59 123 757 873 194 93 1285 734 99 93 1456 745 97 68
positive/1759696237.846703.jpg 3 1146 732 145 84 1076 634 133 81 799 622 98 92
positive/1759696238.6298509.jpg 4 1115 631 71 123 945 761 140 86 1238 586 80 85 1180 401 67 86
positive/1759696239.3657448.jpg 4 992 801 117 96 1104 625 91 128 1221 542 88 100 1116 266 67 123
positive/1759696240.057787.jpg 4 1279 896 60 157 1142 777 147 67 1098 622 134 72 781 579 115 111
positive/1759696240.737349.jpg 2 1258 732 112 91 1114 662 112 112
positive/1759696244.1301918.jpg 4 1049 947 320 321 1165 670 206 134 1393 654 88 123 1509 668 152 90
positive/1759696244.706354.jpg 4 623 1006 355 205 1194 696 213 129 1396 650 71 144 1540 699 167 115
positive/1759696245.3990688.jpg 4 444 811 257 147 1154 782 179 123 1496 812 140 93 1364 696 149 150
positive/1759696246.617985.jpg 4 871 649 160 97 1029 673 123 114 1103 511 153 116 1407 388 115 85
positive/1759696247.412491.jpg 4 1076 716 75 142 837 737 171 95 1016 534 177 95 1246 245 105 117
positive/1759696247.995531.jpg 4 969 520 128 99 1036 611 144 114 1200 451 142 131 1602 386 162 95
positive/1759696248.5809312.jpg 4 1266 513 100 129 1666 537 167 58 1069 610 145 97 1080 549 73 76
positive/1759696249.586729.jpg 3 1397 541 67 145 1238 518 62 88 1155 571 153 85
positive/1759696256.111562.jpg 4 1341 778 73 50 1308 819 48 69 1272 729 54 57 1219 591 31 58
positive/1759696256.738983.jpg 3 1192 616 39 52 1292 719 44 55 1362 751 76 47
positive/1759696257.316122.jpg 3 1293 719 45 55 1366 750 76 45 1186 610 38 55
positive/1759696258.0933828.jpg 4 1088 779 69 44 1166 795 47 62 1188 717 70 49 1344 617 60 49
positive/1759696259.1972601.jpg 4 1170 699 72 39 1296 665 72 51 1088 665 45 47 1086 722 73 40
positive/1759696260.04577.jpg 4 1295 685 51 72 1108 636 67 43 1205 705 43 64 1151 589 40 49
positive/1759696261.369792.jpg 5 1211 720 72 77 1156 660 78 59 1182 579 80 46 1366 554 56 67 528 533 56 52
positive/1759696263.695603.jpg 5 513 560 56 52 1199 721 84 86 1185 589 46 91 1089 567 85 52 1341 591 81 52
positive/1759696264.175665.jpg 5 1185 715 88 81 1335 623 75 51 1206 571 55 81 1104 568 83 53 606 512 48 52
positive/1759696264.6530051.jpg 5 666 501 40 47 1172 707 97 73 1344 639 76 47 1232 568 50 75 1124 573 79 53
positive/1759696265.2849422.jpg 4 1159 654 78 63 1360 742 94 83 1370 639 92 54 1383 573 36 75
positive/1759696265.856427.jpg 4 1197 636 51 62 1315 773 52 88 1395 701 92 59 1454 644 54 63
positive/1759696266.744735.jpg 4 1238 775 47 104 1384 744 83 67 1481 719 79 74 1230 636 42 50
positive/1759696267.1139631.jpg 4 1090 796 104 76 1346 776 54 77 1444 788 113 51 1264 638 53 40
positive/1759696267.896513.jpg 4 967 802 96 64 1286 805 54 88 1388 855 114 59 1273 635 78 58
positive/1759696269.1484108.jpg 3 1061 730 96 59 1305 678 84 85 1118 557 42 67
positive/1759696269.836421.jpg 4 1301 688 63 92 1088 673 50 90 1177 559 48 59 1013 799 64 42
positive/1759696270.361847.jpg 5 997 676 91 47 1261 712 56 98 1159 637 90 50 30 791 100 56 198 1044 116 48
positive/1759696271.4716349.jpg 6 612 579 43 44 681 428 33 38 1186 703 86 81 1190 625 48 57 1286 647 84 54 1410 619 47 42
positive/1759696272.847038.jpg 6 1167 719 91 62 1177 608 66 78 1296 626 91 60 1353 537 78 74 675 286 46 60 738 36 40 57
positive/1759696273.163064.jpg 5 623 200 54 72 1177 593 66 83 1299 617 89 61 1345 513 87 68 1167 720 93 52
positive/1759696273.6386409.jpg 5 611 169 57 76 1296 617 94 60 1347 510 88 69 1181 587 62 87 1168 717 87 59
positive/1759696275.388038.jpg 7 1396 495 56 114 1299 614 127 76 1131 618 86 78 1130 730 135 99 488 175 63 57 316 97 82 59 529 21 82 60
positive/1759696277.927857.jpg 3 1487 647 110 97 1088 676 134 81 1191 626 117 70
positive/1759696278.617743.jpg 3 1494 701 144 82 1100 658 120 81 1223 634 120 65
positive/1759696279.241249.jpg 3 1293 927 149 114 1330 645 113 100 1203 608 51 89
positive/1759696279.973748.jpg 4 1079 922 160 117 1292 755 86 117 1236 592 91 70 875 1013 161 95
positive/1759696280.716778.jpg 4 1104 808 117 117 805 771 107 102 1005 738 109 132 1295 623 109 80
positive/1759696281.3435771.jpg 4 987 751 145 90 1018 668 115 82 952 631 51 89 1320 648 137 96
positive/1759696281.9264681.jpg 4 1319 683 112 122 999 651 137 89 1094 599 117 63 1118 525 57 76
positive/1759696282.5557382.jpg 4 1047 591 110 96 1169 563 103 68 1224 478 74 80 1304 699 75 153
positive/1759696283.191401.jpg 3 1182 514 60 113 1317 554 65 87 1209 735 106 137
positive/1759696283.458451.jpg 6 1163 731 125 127 1241 502 51 116 1376 570 50 97 201 260 91 88 244 536 79 70 71 289 86 65
positive/1759696284.046127.jpg 6 1133 713 133 112 1204 549 112 77 1405 626 62 91 452 314 53 52 570 266 41 59 435 495 108 36
positive/1759696285.819374.jpg 4 1097 674 123 106 1322 672 128 107 1060 620 120 65 1065 550 55 84
positive/1759696445.361325.jpg 3 1174 566 61 98 927 650 124 50 1217 710 103 143
positive/1759696445.885663.jpg 8 1153 712 137 121 1157 582 117 72 1003 578 115 67 252 543 103 60 173 433 105 58 224 373 95 54 340 387 51 52 163 329 75 68
positive/1759696446.354796.jpg 4 1089 695 137 80 1271 536 73 113 1225 485 62 85 932 139 45 46
positive/1759696479.301774.jpg 4 1372 900 73 145 1515 735 107 98 1364 638 56 124 1239 535 58 95
positive/1759696479.719212.jpg 4 1181 933 128 145 1470 842 145 88 1361 676 95 124 1324 541 80 91
positive/1759696480.137516.jpg 4 969 890 158 93 1239 921 141 105 1313 742 136 102 1416 594 120 78
positive/1759696480.715127.jpg 4 1163 775 107 103 1408 809 133 102 1013 711 74 142 979 598 84 105
positive/1759696481.087053.jpg 4 1268 882 68 145 1113 720 66 113 1029 604 106 111 1127 497 52 111
positive/1759696481.833808.jpg 4 1097 701 81 116 1047 582 103 104 1160 485 60 110 1214 885 84 144
positive/1759696482.201625.jpg 8 1110 625 119 76 966 792 138 89 1204 534 119 69 1372 524 108 81 532 231 79 75 376 192 100 56 429 126 76 60 627 110 69 46
positive/1759696482.519257.jpg 7 952 751 150 78 1131 607 123 71 1254 532 106 70 1409 546 117 72 591 102 81 51 817 41 58 47 637 43 60 54
positive/1759696483.435742.jpg 4 1338 487 134 101 1523 576 192 98 1137 533 169 106 825 658 195 116
positive/1759696483.96979.jpg 4 823 658 197 117 1137 534 176 105 1336 486 138 101 1524 577 189 98
positive/1759696484.287425.jpg 4 1580 828 207 158 1521 624 87 146 1288 533 139 141 1015 471 113 136
positive/1759696484.603183.jpg 4 1434 1024 114 252 1494 811 162 147 1403 607 71 177 1228 454 72 132
positive/1759696484.917763.jpg 4 1171 1010 209 252 1414 839 214 152 1403 671 119 163 1318 547 95 109
positive/1759696485.2876742.jpg 4 1231 839 262 185 1353 712 193 140 834 922 271 131 1431 592 70 114
positive/1759696485.4981718.jpg 4 1058 825 238 209 715 825 268 149 1287 740 222 142 1450 613 88 137
positive/1759696485.769015.jpg 4 1383 632 175 131 1196 782 232 142 961 801 114 208 738 749 204 136
positive/1759696486.35499.jpg 4 1326 710 125 213 1086 762 91 173 901 609 131 189 987 450 77 149
positive/1759696486.948629.jpg 4 1309 734 81 237 1049 734 91 170 913 562 157 152 1059 406 73 155
positive/1759696487.3675032.jpg 6 1027 708 202 141 1079 592 177 101 1240 516 145 90 1445 532 162 93 540 150 87 51 586 112 59 54
positive/1759696487.5763168.jpg 5 1010 706 202 117 1105 567 159 98 1277 502 159 86 1488 544 168 100 699 48 79 53
positive/1759696488.305696.jpg 4 988 622 183 134 1170 519 170 113 1345 411 102 127 1555 627 195 104
positive/1759696489.063848.jpg 3 754 494 216 188 1483 441 115 168 1748 747 378 199
positive/1759696489.594692.jpg 4 1656 501 314 147 551 623 326 178 1070 420 270 158 1296 210 163 202
positive/1759696490.390919.jpg 4 1249 159 172 216 735 371 245 139 995 502 264 145 788 1102 294 239
positive/1759696491.024283.jpg 4 1124 373 291 151 856 196 200 258 1234 36 190 271 868 1095 247 252
positive/1759696491.4527712.jpg 4 749 980 282 280 1276 382 306 142 968 150 274 160 1379 50 314 179
positive/1759696491.715334.jpg 4 1274 384 306 139 965 156 271 162 1421 66 318 174 747 986 287 286
positive/1759696533.72265.jpg 8 1319 670 45 51 1154 620 62 43 1285 489 67 41 1015 710 53 65 999 648 34 64 899 670 68 39 933 734 46 50 849 760 45 53
positive/1759696534.294695.jpg 8 856 867 64 58 937 820 63 53 1021 771 64 64 881 757 76 41 1005 701 61 64 1108 666 58 51 1297 654 68 51 1223 493 64 36
positive/1759696534.607007.jpg 8 874 905 66 57 950 848 64 53 877 770 52 75 1033 793 67 62 1025 702 36 75 1296 651 66 47 1200 492 66 38 1100 703 47 33
positive/1759696535.022411.jpg 8 1090 867 83 52 980 1039 88 49 1027 953 77 45 866 941 87 58 1023 746 42 78 1114 743 46 62 1278 637 70 40 1126 513 56 53
positive/1759696535.336923.jpg 8 1090 1088 89 45 980 1004 43 80 1128 990 84 45 1149 898 82 41 1143 767 34 63 1035 787 66 64 1266 628 67 40 1082 540 55 60
positive/1759696535.808098.jpg 8 1185 989 60 99 1319 1064 88 78 1324 962 76 71 1261 894 74 54 1095 844 82 59 1197 791 46 56 1034 600 45 64 1238 624 65 48
positive/1759696536.1716511.jpg 8 1400 1024 80 91 1379 932 71 78 1263 942 48 94 1302 877 70 55 1124 849 85 55 1202 789 72 49 1023 620 43 66 1238 627 57 53
positive/1759696536.638942.jpg 8 1570 935 58 90 1497 865 57 79 1222 867 84 51 1397 892 55 89 1403 841 53 57 1283 754 61 67 1014 674 35 73 1219 628 45 62
positive/1759696537.261268.jpg 8 1357 705 29 66 1051 775 68 66 1199 640 32 65 1480 760 37 58 1384 849 58 42 1510 809 73 67 1562 745 42 71 1657 773 48 79
positive/1759696537.676689.jpg 8 1167 855 85 57 1184 682 69 53 1335 653 52 58 1467 666 53 47 1526 697 71 47 1519 626 52 62 1605 617 57 61 1474 768 36 40
positive/1759696538.609152.jpg 8 1331 873 73 49 1270 712 74 44 1248 597 64 47 1466 656 55 53 1464 573 58 38 1356 548 61 46 1443 485 40 59 1506 497 66 40
positive/1759696539.3408341.jpg 8 1394 823 66 62 1339 669 71 52 1183 605 66 42 1302 547 61 41 1415 549 52 41 1377 474 31 60 1464 484 64 36 1447 621 55 42
positive/1759696539.711606.jpg 8 1108 654 63 42 1351 595 40 69 1485 716 43 67 1182 543 64 41 1351 543 64 36 1278 489 41 46 1196 446 30 56 1279 409 53 44
positive/1759696540.0269692.jpg 8 1484 720 41 72 1105 637 63 45 1353 562 46 70 1350 509 68 37 1175 506 59 41 1261 419 60 47 1185 381 44 60 1274 336 55 46
positive/1759696540.333539.jpg 8 1108 618 65 42 1192 478 56 50 1369 557 47 69 1474 742 45 74 1370 502 67 41 1299 367 33 69 1214 343 39 68 1299 299 68 42
positive/1759696540.864383.jpg 8 1185 544 68 45 1404 670 68 46 1347 880 65 54 1465 618 55 59 1375 519 38 60 1437 384 46 72 1495 449 44 70 1547 418 73 43
positive/1759696541.395148.jpg 8 1260 534 54 57 1382 756 71 33 1223 914 79 39 1427 638 30 64 1481 727 30 67 1567 600 61 57 1547 521 59 61 1648 595 61 56
positive/1759696541.7032661.jpg 8 1065 821 73 68 1356 584 29 73 1378 866 61 60 1394 781 48 35 1320 844 48 29 1554 839 78 36 1588 759 78 37 1653 875 47 70
positive/1759696542.166368.jpg 8 1027 750 51 75 1265 816 48 63 1309 892 69 57 1337 818 65 50 1506 921 85 49 1567 857 84 42 1377 625 37 69 1602 981 43 86
positive/1759696542.4240088.jpg 8 1017 709 36 79 1227 811 50 61 1260 900 74 47 1307 833 69 41 1386 652 44 66 1540 899 90 51 1465 954 87 55 1548 1032 51 92
positive/1759697278.2174668.jpg 6 1341 610 55 41 1433 584 30 70 1459 536 67 35 1581 629 58 45 1602 578 43 51 1424 753 54 53
positive/1759697278.479831.jpg 6 1329 842 67 42 1603 833 46 65 1677 805 45 63 1576 695 71 52 1379 681 55 44 1472 691 55 69
positive/1759697278.99908.jpg 6 1151 809 65 68 1305 778 62 53 1394 821 82 53 1505 920 52 76 1332 1007 72 76 1438 1069 100 57
positive/1759697279.2094789.jpg 6 1258 975 86 72 1366 1037 102 69 1474 911 41 76 1367 791 60 71 1263 767 77 51 1127 780 55 67
positive/1759697279.525965.jpg 6 1239 938 115 84 1150 879 94 71 1393 856 53 73 1298 740 48 71 1204 724 79 56 1099 740 46 61
positive/1759697279.887595.jpg 6 1167 940 115 85 1340 865 59 74 1094 873 95 67 1286 730 36 71 1173 720 76 54 1091 735 40 59
positive/1759697280.369782.jpg 6 1123 973 97 53 965 1025 73 86 974 906 50 84 1113 752 83 48 1226 767 42 75 1064 720 40 69
positive/1759697280.630249.jpg 6 1180 847 44 93 969 933 84 98 998 827 47 86 1064 717 41 58 1131 743 55 51 1221 729 59 65
positive/1759697280.8967721.jpg 6 1080 910 106 87 1072 797 44 81 1069 725 49 56 1275 795 41 84 1179 742 47 50 1232 714 61 57
positive/1759697281.380053.jpg 6 1381 832 47 90 1558 959 88 56 1255 822 43 61 1364 768 85 52 1494 769 44 74 1294 710 73 54
positive/1759697281.64857.jpg 6 1345 834 88 50 1457 802 69 74 1660 888 68 59 1438 745 82 47 1514 714 42 67 1288 707 78 45
positive/1759697282.124037.jpg 6 1425 803 80 51 1286 713 52 55 1498 751 73 57 1686 776 42 56 1490 700 77 42 1488 633 35 61
positive/1759697283.407252.jpg 6 1021 672 35 46 1243 629 68 40 1158 569 31 44 1191 530 60 43 1085 527 59 45 1012 495 61 36
positive/1759697284.500782.jpg 6 1015 804 65 36 811 677 59 48 987 618 50 63 1020 593 68 33 1068 643 60 44 1215 628 46 62
positive/1759697285.0364668.jpg 6 864 998 45 73 1208 878 88 52 1077 750 71 59 995 788 50 81 970 762 61 45 1184 669 46 61
positive/1759697286.87996.jpg 6 824 1086 83 104 1293 858 93 86 974 810 58 90 928 786 70 72 1068 751 86 79 1163 677 66 63
positive/1759697287.781593.jpg 6 981 638 42 58 1247 606 81 47 1147 515 39 61 1073 451 76 44 1150 433 73 57 932 414 75 40
positive/1759697288.366508.jpg 6 1319 677 59 65 1400 565 69 46 1525 553 48 78 1261 465 70 39 1479 502 59 59 1533 379 51 66
positive/1759697288.948535.jpg 6 1266 727 68 62 1445 721 85 73 1474 632 72 57 1581 765 59 57 1522 812 103 61 1806 778 55 75
positive/1759697289.42908.jpg 6 1240 722 75 55 1425 732 88 77 1460 835 116 64 1551 792 73 68 1543 677 42 61 1822 857 82 69
positive/1759697289.852509.jpg 6 1337 843 101 61 1438 819 99 70 1759 970 122 82 1583 759 94 58 1368 747 55 85 1204 710 88 54
positive/1759697290.3419409.jpg 6 1494 997 168 105 1609 830 98 75 1264 790 122 79 1167 801 83 70 1177 693 88 57 1272 734 52 65
positive/1759697290.798282.jpg 6 1248 877 50 95 1176 727 85 51 1150 989 71 85 1233 1023 94 55 1542 1020 85 64 1351 1261 100 63
positive/1759697291.486439.jpg 5 1247 733 67 69 1414 791 71 66 1427 921 90 46 1507 855 67 70 1703 884 76 67
positive/1759697291.956233.jpg 6 1289 566 42 84 1251 449 48 76 1321 368 59 75 1234 367 79 46 955 372 73 53 1153 225 73 47
positive/1759697292.7304919.jpg 6 1119 623 75 49 778 786 74 55 1054 571 70 57 821 532 64 36 972 521 65 72 1026 489 81 45
positive/1759697293.198133.jpg 5 738 911 55 104 936 770 56 82 905 753 73 64 1059 755 47 66 1158 737 57 53
positive/1759697293.667378.jpg 5 884 818 118 102 1023 711 95 74 970 717 54 65 1144 703 87 62 1241 700 71 59
positive/1759697294.1894772.jpg 5 1005 823 144 110 1081 714 110 76 1020 718 49 68 1231 712 100 72 1281 701 75 56
positive/1759697294.715463.jpg 6 1484 971 145 97 1650 834 103 69 1324 801 120 73 1416 763 106 64 1347 721 104 56 1228 816 81 35
positive/1759697296.22563.jpg 6 783 921 132 196 1187 844 149 131 949 770 132 109 878 770 80 86 1249 746 54 86 1081 731 105 91
positive/1759697297.841707.jpg 6 976 786 55 83 826 782 70 114 870 712 104 58 997 601 57 98 856 611 98 62 743 649 69 84
positive/1759697298.31081.jpg 6 1035 617 94 57 914 535 77 67 1022 512 51 58 1125 502 83 64 1081 448 81 55 982 428 72 50
positive/1759697298.8878899.jpg 6 1321 563 49 69 1457 602 77 59 1511 509 65 81 1380 501 57 61 1370 442 56 49 1532 462 65 52
positive/1759697299.4194.jpg 6 1346 683 92 58 1464 814 66 72 1526 692 53 66 1619 653 50 56 1653 722 60 100 1787 771 58 78
positive/1759697300.157111.jpg 6 1210 862 118 84 1235 718 104 69 1439 829 62 89 1584 835 134 87 1647 795 103 60 1683 994 130 67
positive/1759697301.4859269.jpg 6 1170 926 194 134 1265 802 164 108 1445 804 152 105 1120 796 120 102 1001 759 117 80 1207 686 44 75
positive/1759697301.913066.jpg 6 1104 879 175 134 1218 775 167 104 1408 779 157 103 1112 736 109 103 986 743 116 77 1213 689 107 66
positive/1759697302.1795359.jpg 6 1033 813 176 132 1172 731 165 101 1368 742 169 101 976 723 109 75 1097 701 133 91 1224 683 103 60
positive/1759697302.980146.jpg 5 897 752 164 130 1271 711 167 101 1074 695 155 98 959 710 92 67 1206 677 100 83
positive/1759697303.461211.jpg 6 991 945 90 136 709 944 71 125 885 860 138 95 1098 802 121 84 960 705 61 79 1170 721 77 65
positive/1759697304.255407.jpg 6 1228 563 96 65 1166 462 64 95 1222 348 69 80 1420 483 97 46 1319 193 84 61 1123 191 63 100
positive/1759697304.5713909.jpg 6 1254 558 93 78 1207 453 76 92 1284 368 70 90 1470 466 70 96 1437 226 81 68 1219 163 67 92
positive/1759697304.9396322.jpg 6 1328 608 50 100 1551 663 80 97 1449 534 85 52 1341 547 93 52 1685 536 55 73 1516 378 62 72
positive/1759697305.2008598.jpg 6 1532 835 123 75 1783 831 65 87 1687 648 89 61 1519 681 104 78 1415 645 97 73 1335 675 64 88
positive/1759697305.521503.jpg 4 1317 687 59 78 1429 686 92 78 1508 719 101 91 1726 753 127 76
positive/1759697306.25997.jpg 6 1337 911 160 92 1449 1088 157 108 1574 826 114 114 1431 786 70 120 1179 718 105 65 1410 727 50 85
positive/1759697306.783147.jpg 6 1181 743 105 60 1369 1022 138 83 1432 849 71 123 1410 751 63 101 1553 828 73 121 1443 1215 138 86
positive/1759697307.464383.jpg 6 1309 638 94 64 1225 499 67 75 1184 421 73 69 1295 435 68 71 1396 383 85 72 1439 339 72 56
